0.013793 0.000000 0.000000 0.000000 0.000000 0.000000 0.000000 0.003448 0.000000 0.000000 0.982759 0.000000 0.000000 0.000000 0.000000 0.000000 0.000000 0.000000 0.000000 0.000000
0.886207 0.000000 0.000000 0.000000 0.000000 0.003448 0.000000 0.000000 0.000000 0.000000 0.000000 0.000000 0.020690 0.000000 0.000000 0.068966 0.020690 0.000000 0.000000 0.000000
0.013793 0.010345 0.000000 0.000000 0.000000 0.003448 0.003448 0.000000 0.000000 0.027586 0.000000 0.000000 0.055172 0.055172 0.810345 0.020690 0.000000 0.000000 0.000000 0.000000
0.034483 0.003448 0.000000 0.000000 0.017241 0.000000 0.000000 0.010345 0.006897 0.000000 0.000000 0.010345 0.006897 0.000000 0.000000 0.865517 0.006897 0.000000 0.000000 0.037931
0.000000 0.000000 0.000000 0.000000 0.472414 0.000000 0.006897 0.058621 0.000000 0.389655 0.000000 0.000000 0.003448 0.000000 0.000000 0.006897 0.000000 0.058621 0.000000 0.003448
0.124138 0.017241 0.000000 0.000000 0.065517 0.000000 0.000000 0.003448 0.000000 0.010345 0.000000 0.010345 0.024138 0.010345 0.000000 0.651724 0.082759 0.000000 0.000000 0.000000
0.003448 0.000000 0.010345 0.000000 0.000000 0.020690 0.000000 0.003448 0.027586 0.006897 0.000000 0.644828 0.010345 0.044828 0.000000 0.148276 0.065517 0.000000 0.000000 0.013793
0.458621 0.013793 0.000000 0.000000 0.037931 0.000000 0.000000 0.013793 0.000000 0.068966 0.000000 0.000000 0.013793 0.000000 0.000000 0.103448 0.024138 0.265517 0.000000 0.000000
0.017241 0.006897 0.000000 0.006897 0.006897 0.006897 0.000000 0.000000 0.886207 0.000000 0.000000 0.027586 0.000000 0.000000 0.020690 0.000000 0.017241 0.000000 0.000000 0.003448
0.041379 0.000000 0.000000 0.000000 0.075862 0.000000 0.000000 0.172414 0.000000 0.313793 0.034483 0.020690 0.006897 0.000000 0.051724 0.062069 0.062069 0.158621 0.000000 0.000000
0.037931 0.000000 0.000000 0.000000 0.265517 0.000000 0.000000 0.113793 0.000000 0.365517 0.000000 0.000000 0.003448 0.006897 0.000000 0.010345 0.000000 0.193103 0.000000 0.003448
0.089655 0.031034 0.000000 0.000000 0.020690 0.027586 0.000000 0.000000 0.000000 0.051724 0.000000 0.000000 0.006897 0.000000 0.006897 0.679310 0.006897 0.065517 0.000000 0.013793
0.576318 0.024164 0.010507 0.000212 0.000094 0.024390 0.000061 0.000108 0.000211 0.010550 0.000101 0.034607 0.000199 0.000078 0.031284 0.103773 0.096729 0.083013 0.000060 0.003540
0.031034 0.000000 0.000000 0.006897 0.396552 0.003448 0.000000 0.048276 0.000000 0.289655 0.000000 0.000000 0.017241 0.006897 0.013793 0.124138 0.013793 0.044828 0.000000 0.003448
0.044828 0.006897 0.000000 0.000000 0.027586 0.006897 0.000000 0.151724 0.000000 0.144828 0.000000 0.000000 0.003448 0.000000 0.000000 0.034483 0.000000 0.572414 0.000000 0.006897